# Wavelength(nm),EQE(%),device_electrons(1/s),device_current(A),set_power(W),EQE_times_solarflux(photons*s-1*m-2*nm-1),measured_time(s)
4.150E+02,7.2093988E+01,4.0951248E+13,6.5611132E-06,248.000,1.8456061E+18,136.972
4.200E+02,7.3214559E+01,5.0947916E+13,8.1627560E-06,248.000,1.7351850E+18,171.141
4.250E+02,7.4198131E+01,6.1190346E+13,9.8037742E-06,248.000,1.9810901E+18,205.684
4.300E+02,7.5295613E+01,7.4010255E+13,1.1857750E-05,248.000,1.4230871E+18,239.830
4.350E+02,7.5886346E+01,8.7048568E+13,1.3946718E-05,248.000,2.0716973E+18,274.016
4.400E+02,7.6495893E+01,9.8483674E+13,1.5778824E-05,248.000,2.2872272E+18,311.213
4.450E+02,7.7279485E+01,1.1200292E+14,1.7944846E-05,248.000,2.5270392E+18,345.369
4.500E+02,7.7614560E+01,1.2928029E+14,2.0712986E-05,248.000,2.7397940E+18,379.936
4.550E+02,7.8171139E+01,1.4671517E+14,2.3506362E-05,248.000,2.7281727E+18,414.118
4.600E+02,7.8752284E+01,1.6355454E+14,2.6204326E-05,248.000,2.7878309E+18,448.303
4.650E+02,7.9159262E+01,1.8089571E+14,2.8982688E-05,248.000,2.8418175E+18,485.505
4.700E+02,7.9449772E+01,2.0316781E+14,3.2551072E-05,248.000,2.8363569E+18,519.697
4.750E+02,7.9817295E+01,2.3070797E+14,3.6963492E-05,248.000,3.0889293E+18,553.869
4.800E+02,8.0130861E+01,2.5909037E+14,4.1510854E-05,248.000,3.1331167E+18,588.079
4.850E+02,8.0351256E+01,2.8732262E+14,4.6034158E-05,248.000,3.0774531E+18,622.765
4.900E+02,8.0637654E+01,3.1507367E+14,5.0480366E-05,248.000,3.2255061E+18,660.461
4.950E+02,8.0853253E+01,3.4514850E+14,5.5298886E-05,248.000,3.3230687E+18,694.829
5.000E+02,8.1048289E+01,3.8186026E+14,6.1180758E-05,248.000,3.1527784E+18,729.066
5.050E+02,8.1239368E+01,4.1950811E+14,6.7212608E-05,248.000,3.2252029E+18,763.381
5.100E+02,8.1412340E+01,4.5930153E+14,7.3588218E-05,248.000,3.2320699E+18,797.694
5.150E+02,8.1539627E+01,5.0072111E+14,8.0224366E-05,248.000,3.2371232E+18,835.071
5.200E+02,8.1637482E+01,5.4553039E+14,8.7403604E-05,248.000,3.2573355E+18,869.367
5.250E+02,8.1812863E+01,5.8409763E+14,9.3582756E-05,248.000,3.4115964E+18,904.146
5.300E+02,8.1930848E+01,6.1711273E+14,9.8872358E-05,248.000,3.3755509E+18,938.453
5.350E+02,8.2066423E+01,6.4871562E+14,1.0393570E-04,248.000,3.4303765E+18,972.831
5.400E+02,8.2248114E+01,6.7931275E+14,1.0883790E-04,248.000,3.3145990E+18,1010.615
5.450E+02,8.2400799E+01,7.0881723E+14,1.1356504E-04,248.000,3.4855538E+18,1045.057
5.500E+02,8.2548077E+01,7.4071022E+14,1.1867486E-04,248.000,3.5165481E+18,1079.464
5.550E+02,8.2689538E+01,7.8207894E+14,1.2530286E-04,248.000,3.6135328E+18,1113.842
5.600E+02,8.2883358E+01,8.2830830E+14,1.3270962E-04,248.000,3.4479477E+18,1148.248
5.650E+02,8.2885022E+01,8.8633911E+14,1.4200718E-04,248.000,3.5806330E+18,1185.639
5.700E+02,8.2932505E+01,9.4894756E+14,1.5203816E-04,248.000,3.5246315E+18,1219.994
5.750E+02,8.2977389E+01,1.0116880E+15,1.6209028E-04,248.000,3.5514323E+18,1254.379
5.800E+02,8.2971693E+01,1.0711396E+15,1.7161548E-04,248.000,3.6424573E+18,1288.713
5.850E+02,8.3058640E+01,1.1199199E+15,1.7943094E-04,248.000,3.7459447E+18,1323.106
5.900E+02,8.3116965E+01,1.1653525E+15,1.8671006E-04,248.000,3.3828605E+18,1360.907
5.950E+02,8.3219403E+01,1.2090913E+15,1.9371778E-04,248.000,3.5701124E+18,1395.288
6.000E+02,8.3282843E+01,1.2567284E+15,2.0135008E-04,248.000,3.7144148E+18,1429.690
6.050E+02,8.3348813E+01,1.3083652E+15,2.0962322E-04,248.000,3.7840361E+18,1464.064
6.100E+02,8.3456968E+01,1.3399918E+15,2.1469036E-04,248.000,3.7639093E+18,1498.401
6.150E+02,8.3438027E+01,1.3588195E+15,2.1770688E-04,248.000,3.7964302E+18,1536.207
6.200E+02,8.3607221E+01,1.3826584E+15,2.2152630E-04,248.000,3.8459321E+18,1570.604
6.250E+02,8.3655992E+01,1.4079129E+15,2.2557252E-04,248.000,3.6892292E+18,1604.997
6.300E+02,8.3728267E+01,1.4349802E+15,2.2990918E-04,248.000,3.7007894E+18,1639.407
6.350E+02,8.3785682E+01,1.4653218E+15,2.3477044E-04,248.000,3.8708985E+18,1673.789
6.400E+02,8.3843925E+01,1.4992104E+15,2.4019998E-04,248.000,3.8735893E+18,1711.167
6.450E+02,8.3885399E+01,1.5359197E+15,2.4608146E-04,248.000,3.9677794E+18,1745.538
6.500E+02,8.3958362E+01,1.5767081E+15,2.5261648E-04,248.000,3.7361471E+18,1779.880
6.550E+02,8.3997517E+01,1.6179457E+15,2.5922348E-04,248.000,3.7378895E+18,1814.272
6.600E+02,8.4045470E+01,1.6619269E+15,2.6627004E-04,248.000,3.9081143E+18,1848.651
6.650E+02,8.4077003E+01,1.7078837E+15,2.7363314E-04,248.000,4.0020653E+18,1886.061
6.700E+02,8.4119545E+01,1.7500490E+15,2.8038876E-04,248.000,4.0293262E+18,1920.451
6.750E+02,8.4165474E+01,1.7916408E+15,2.8705250E-04,248.000,3.9894435E+18,1954.834
6.800E+02,8.4200738E+01,1.8275141E+15,2.9280004E-04,248.000,4.0247953E+18,1989.230
6.850E+02,8.4275966E+01,1.8595414E+15,2.9793138E-04,248.000,3.9946808E+18,2023.603
6.900E+02,8.4359298E+01,1.8838168E+15,3.0182072E-04,248.000,3.4671672E+18,2060.960
6.950E+02,8.4413504E+01,1.9009600E+15,3.0456736E-04,248.000,3.7564009E+18,2095.384
7.000E+02,8.4433522E+01,1.9124512E+15,3.0640846E-04,248.000,3.8163952E+18,2129.800
7.100E+02,8.4444471E+01,1.6836717E+15,2.6975394E-04,248.000,3.9773346E+18,2182.223
7.200E+02,8.4488404E+01,1.7180098E+15,2.7525552E-04,248.000,3.0162360E+18,2216.616
7.300E+02,8.4647284E+01,1.7118831E+15,2.7427390E-04,248.000,3.5128623E+18,2254.049
7.400E+02,8.4698701E+01,1.6601086E+15,2.6597872E-04,248.000,3.8453210E+18,2288.416
7.500E+02,8.4696652E+01,1.6859001E+15,2.7011098E-04,248.000,3.9468640E+18,2322.788
7.600E+02,8.4735354E+01,1.6985609E+15,2.7213946E-04,248.000,8.6430061E+17,2357.186
7.700E+02,8.4874907E+01,1.7005209E+15,2.7245348E-04,248.000,3.8193708E+18,2391.602
7.800E+02,8.4884070E+01,1.6808112E+15,2.6929564E-04,248.000,3.8792020E+18,2429.021
7.900E+02,8.4998400E+01,1.6373819E+15,2.6233750E-04,248.000,3.6889306E+18,2463.438
8.000E+02,8.5036865E+01,1.6108786E+15,2.5809120E-04,248.000,3.6735925E+18,2497.865
8.100E+02,8.5132260E+01,1.5885865E+15,2.5451962E-04,248.000,3.6692004E+18,2532.288
8.200E+02,8.5225433E+01,1.5858778E+15,2.5408564E-04,248.000,3.0340254E+18,2566.768
8.300E+02,8.5187241E+01,1.5820432E+15,2.5347126E-04,248.000,3.2626713E+18,2604.111
8.400E+02,8.5080950E+01,1.6074152E+15,2.5753630E-04,248.000,3.6584809E+18,2638.509
8.500E+02,8.4983261E+01,1.6376277E+15,2.6237688E-04,248.000,3.2463606E+18,2672.929
8.600E+02,8.4907104E+01,1.6756512E+15,2.6846892E-04,248.000,3.6340241E+18,2707.349
8.700E+02,8.4853760E+01,1.7010563E+15,2.7253926E-04,248.000,3.5977994E+18,2741.741
8.800E+02,8.4726481E+01,1.7355849E+15,2.7807136E-04,248.000,3.5246216E+18,2779.159
8.900E+02,8.4596955E+01,1.7716069E+15,2.8384272E-04,248.000,3.5023139E+18,2813.506
9.000E+02,8.4387760E+01,1.8090954E+15,2.8984904E-04,248.000,2.8354287E+18,2847.905
9.100E+02,8.4169613E+01,1.8366477E+15,2.9426340E-04,248.000,2.4072509E+18,2882.257
9.200E+02,8.3900814E+01,1.8810871E+15,3.0138338E-04,248.000,2.8945781E+18,2916.654
9.300E+02,8.3881122E+01,1.9046835E+15,3.0516394E-04,248.000,1.6943987E+18,2954.058
9.400E+02,8.3560643E+01,1.9318566E+15,3.0951754E-04,248.000,1.8634023E+18,2988.477
9.500E+02,8.3189984E+01,1.9693671E+15,3.1552740E-04,248.000,5.8565749E+17,3022.929
9.600E+02,8.2553326E+01,1.9874324E+15,3.1842178E-04,248.000,1.6758325E+18,3057.342
9.700E+02,8.1621295E+01,2.0021236E+15,3.2077556E-04,248.000,2.5302601E+18,3091.707
9.800E+02,8.0498674E+01,1.9794039E+15,3.1713546E-04,248.000,2.3988605E+18,3129.116
9.900E+02,7.9002846E+01,1.9451049E+15,3.1164016E-04,248.000,2.8836039E+18,3163.514
1.000E+03,7.7393888E+01,1.9096956E+15,3.0596696E-04,248.000,2.8635738E+18,3197.903
1.010E+03,7.5235561E+01,1.8385305E+15,2.9456506E-04,248.000,2.7536215E+18,3232.285
1.020E+03,7.2530087E+01,1.8614626E+15,2.9823918E-04,248.000,2.6038301E+18,3266.646
1.030E+03,6.8794628E+01,1.8332295E+15,2.9371574E-04,248.000,2.4628477E+18,3304.065
1.040E+03,6.4423462E+01,1.6819675E+15,2.6948090E-04,248.000,2.2677059E+18,3338.500
1.050E+03,5.8622062E+01,1.4720458E+15,2.3584774E-04,248.000,2.0283233E+18,3372.841
1.060E+03,5.1872253E+01,1.2427146E+15,1.9910482E-04,248.000,1.7584694E+18,3407.186
1.070E+03,4.4890929E+01,1.0582003E+15,1.6954238E-04,248.000,1.4634443E+18,3442.015
1.080E+03,3.9753507E+01,8.9065586E+14,1.4269880E-04,248.000,1.2919890E+18,3479.357
1.090E+03,3.4489607E+01,7.4624007E+14,1.1956084E-04,248.000,1.0519330E+18,3513.770
1.100E+03,2.9209488E+01,6.1612231E+14,9.8713676E-05,248.000,7.8573524E+17,3548.117
